baseline：
ACC = 76.04790419161677
MSE = 132.13023952095807
SCC = 0.1691524898096609
优化参数：
ACC = 66.01796407185628
MSE = 167.44011976047904
SCC = 0.026504489054140396
特征缩放：
ACC = 76.04790419161677
MSE = 132.13023952095807
SCC = 0.1691524898096609